385
12 4622 9550 1849 5312 4347 7869 7907 7481 4288 7816 
150 7909 9050 2049 3581 7162 319 7510 3288 1793 6708 6370 4807 
397 5450 3588 5816 4716 3563 2077 884 265 7779 4997 5727 1523 8809 
393 7752 2678 8558 9807 1670 7270 1528 1570 2 4027 4349 3921 3997 2291 6975 
70 3277 8538 23 4830 8467 7228 1302 2699 6415 540 
353 9478 3357 6137 3737 2987 6762 8882 8167 1694 828 6758 8319 2485 1128 
232 4214 9566 4835 9878 8514 8715 9197 4266 7453 315 8894 9415 
87 5321 2085 297 5044 8765 9033 562 7508 319 8362 2220 
102 2173 1528 9621 8368 4625 5464 6609 1671 8205 6728 1206 9248 
185 9691 59 1964 725 1077 5691 277 6674 2110 
329 3980 5537 1678 66 350 9622 62 923 3195 
423 9728 7234 8122 4757 8112 3097 6665 9196 9397 8272 3873 
61 7307 8940 1292 5856 7842 4801 7819 6792 4206 655 765 6522 
157 4195 8230 9196 2958 5121 6899 6961 482 2574 5547 6267 5952 
338 3267 2332 1059 7354 2787 451 1647 8049 3381 865 7943 7965 4478 
5 3838 7006 2345 2248 5532 4720 6387 9459 6155 3438 8367 4705 
182 392 9139 9460 5412 7044 4827 6379 699 6808 7227 6628 6639 4133 
319 8109 5267 3293 2773 4418 6397 7735 7560 9870 5976 
37 4099 3475 2125 439 6567 8219 3557 2587 4215 2067 
191 1059 4187 2798 490 2930 5828 8548 8040 6665 
42 8271 3261 2156 1803 5956 8236 2067 7742 1976 6720 3045 
18 4140 1956 6494 5344 9298 9698 2556 647 282 7846 2491 362 
354 827 4911 3594 4974 1348 8718 5163 5660 2000 1620 1693 8331 
76 7249 7835 7416 403 1198 7315 2693 
7 1905 3299 5376 6489 1911 399 7236 9784 5859 
222 9445 2341 5158 7963 4097 6342 3999 3735 2203 
1 2767 2637 1434 6028 47 9733 6367 4339 812 3222 6774 2177 1296 
106 4181 2967 6825 4266 1566 9411 7447 4705 3762 7542 34 6223 
162 8673 6031 8850 4031 7949 3588 3256 8195 2913 2676 36 3173 571 
14 9670 1357 7745 2083 7156 4122 3935 3575 9877 9682 
78 1614 9660 1842 3446 9688 1139 1639 7477 4256 4803 5824 6127 9256 
344 6034 5639 7798 8023 5675 8781 5611 7885 9405 5706 
173 3053 129 3850 7790 4869 8342 3765 2867 6150 3072 3914 5957 3727 7789 2194 
40 8944 684 3745 7553 6573 8696 7415 2676 1041 9206 2656 1678 118 3174 
94 2112 7447 2233 7930 3752 6040 5828 1029 5570 9344 6036 410 
347 1115 240 2290 8152 3797 8205 4900 4789 377 6469 
364 1646 7347 9317 8972 89 1236 6133 4998 524 3486 7772 1091 1471 
77 4994 2195 1010 700 4610 7940 3181 3745 6058 5737 
107 4750 4363 904 4004 3987 3311 7913 5957 5085 4786 3664 5266 7486 4450 
260 1365 6381 1180 7718 9798 6507 3649 8221 9146 49 9448 9878 
80 3989 960 4925 3066 3804 1420 5362 5348 4474 4970 751 955 4241 1383 9244 3370 3376 6420 
376 7383 366 6051 1515 7076 2973 4418 4172 770 8419 9087 7107 
24 3419 4293 1390 3552 5866 3972 995 6263 5427 
6 6527 8427 2229 8637 5594 8000 9364 8740 4340 9351 1834 
84 636 3121 7036 9563 8985 1424 4988 6878 9620 7970 3119 799 3022 6909 1118 4985 
8 4863 6696 3144 6496 9096 7253 946 6314 2401 3312 3340 2240 5393 8198 488 7193 8620 
79 7187 6542 2509 4344 1865 7761 2902 4496 1883 7 5329 
256 8298 2586 1763 9537 3292 440 3825 7156 5459 5057 
139 4148 1323 7010 1767 8699 4908 7811 8758 1814 5481 2319 868 
31 9781 1890 2852 764 22 4799 5677 4385 2212 8816 7851 5741 4431 1953 7470 
10 9921 1330 5578 1371 4183 8035 9749 1322 7402 
226 8019 8422 8916 6302 99 738 463 2925 4097 1854 
432 9507 6793 4791 2059 7427 8523 2191 6121 
81 2289 3532 8716 8682 4589 6283 8311 9505 7628 5797 8925 3864 
265 4496 9811 9634 3757 9 1537 8029 9874 3822 6810 
268 1902 6941 3602 6343 7497 3698 6034 6066 2776 2932 2503 
4 9571 8209 4364 1844 5399 2028 1319 9948 199 6077 6854 9656 
206 9218 4003 4296 1600 2631 8084 5046 812 5581 3943 
169 9897 6416 3064 4100 8943 9224 6676 9755 765 139 7967 4292 6028 2175 7119 3702 
352 5398 351 7472 3979 3297 9857 3501 1108 3395 
197 7786 5868 3910 2687 9935 2745 3857 4909 7453 9805 832 
15 3942 457 3456 7683 4766 144 608 1769 3343 8516 2897 6609 3467 6364 
422 9728 8952 4849 8933 6497 6247 2012 9208 904 4257 
225 2596 2830 1349 3923 4079 1205 5070 1796 9833 6948 
361 2530 7418 9791 5503 9768 847 1765 4761 4924 6752 2872 731 
125 1168 8744 5239 2138 6377 6956 8979 4607 7718 2633 
298 9835 9350 1410 5214 6053 9602 3921 3746 9199 6389 8051 4970 6478 8722 
333 153 2485 3609 5558 6571 4510 1481 5899 4210 4578 9265 840 3652 2968 5003 6547 
371 9209 3976 3536 6823 9106 1789 7962 5836 1299 7226 6248 2805 
334 2911 7260 9125 4520 9098 790 2807 5522 621 2469 4186 
119 311 7459 2583 5948 2493 4613 5018 4101 9074 1600 7503 
203 3273 6476 4841 5607 4878 7348 3867 5660 8744 9988 4992 3215 4684 9943 
62 2194 491 4319 6395 3514 7140 7685 
99 2764 5511 6780 2205 3807 3067 4209 9210 461 1835 8445 9710 
186 1542 1518 4081 7020 8419 8163 2584 7114 5601 1162 
146 9766 8237 663 7864 3265 5409 3665 3077 5563 7799 6705 8056 2817 7839 6112 
29 7323 6832 1531 8641 1494 6869 7540 9459 6881 1227 268 
74 8411 624 9079 9796 3504 7489 6265 9520 9409 4752 9064 757 5326 
111 3261 3294 2253 2644 9596 3704 3774 7464 1859 3576 7367 5209 
127 1070 8267 9887 2877 146 2621 6652 6612 1507 1365 7513 7705 
325 8955 8899 6410 7826 2479 2548 2236 5764 8674 
113 390 1845 2077 4407 7581 2784 3722 4530 9959 8080 4880 8508 
88 5862 9021 7087 4319 2190 5948 8822 5592 4644 668 309 759 1792 915 
179 6014 6258 5562 8275 739 2934 5548 2074 1674 9696 3111 963 77 3018 
217 9565 883 6225 992 1111 9129 5395 433 5353 2231 9388 5415 9048 
248 6764 6798 3205 7248 2483 7293 288 2562 1732 640 1091 
243 9269 8010 213 3508 2313 2567 1328 8367 4349 4630 7787 
144 794 2169 580 8074 5075 8677 2802 6653 122 9714 2518 3468 6405 4289 
171 1560 883 8388 7210 5825 7767 1468 4354 9457 6676 7028 6757 6125 
410 9266 7330 5620 7535 6035 7560 2491 1220 7484 6062 1735 
209 8008 4740 7383 691 9000 6413 3531 1301 7914 1514 5462 7248 3243 
263 6667 7309 1945 1972 6341 2640 7615 5379 4180 8619 3605 4041 
145 3383 6739 3808 5063 8580 7995 6180 6519 9331 6793 5840 7814 2985 
49 1773 8809 2059 3863 2111 5154 3005 9929 720 4546 4419 2972 
357 9488 4295 7086 1226 3586 6434 1408 2229 4553 1071 2325 2825 
274 3115 5046 6673 343 4965 1555 7891 5774 6217 6142 
131 8423 4264 4200 1877 7089 1496 3510 1567 5804 6601 5155 3336 2948 
21 2083 6872 8684 3797 6765 1175 9861 6030 9988 9423 5144 6252 
247 1194 2962 6145 2602 6796 2846 5695 9071 5751 5920 5069 7364 3362 
388 612 4577 6669 3701 3284 457 20 8249 8253 2030 5119 
413 9283 6991 2302 1533 533 2329 3761 2192 4086 2931 403 6585 
30 5059 6115 9081 5109 9744 9428 2082 9895 
195 9810 6144 1170 7245 718 618 3426 8659 5705 6616 992 3077 
287 7225 5237 5904 5117 2602 8158 9484 3846 7527 
16 7672 6110 6229 1611 9156 1236 2144 7340 5714 3562 5245 
126 6740 7358 3595 4166 4130 7185 5755 2999 5007 
180 3679 303 7792 1119 8893 8646 7552 1927 706 1146 
246 5296 2119 1040 3667 8831 5917 6260 2183 2521 3024 5403 5500 
311 7942 1202 2824 9001 4763 7215 2071 9167 1509 
264 3959 3163 2860 6836 1438 1176 8075 6946 6928 9423 539 5552 2639 8150 6461 
416 7852 8056 1280 5705 4619 4475 5886 7879 5965 5728 541 9181 
252 9436 1629 4216 6956 9889 8177 4875 7415 7636 2023 5737 3997 
244 1950 9226 3373 5584 1401 6496 3144 2730 6647 9770 6364 6325 5479 8965 
375 7231 220 6339 8032 3793 6872 7625 
292 342 1725 5133 4461 7817 3600 3038 
277 813 4033 8272 3043 5123 6731 9970 4617 9460 7480 8923 8965 155 
402 3193 4178 3048 7875 5102 3588 3279 4752 4851 3007 9320 2858 4470 
269 407 954 9398 3978 279 5854 2736 9802 3531 4005 
381 798 3524 639 5131 4178 2926 4733 4991 5862 6417 7312 227 3404 1562 4382 
429 1259 8387 6395 2245 1537 5230 5991 2502 7927 
369 4693 7695 2338 4032 8464 720 3784 2155 2803 3825 611 
201 5909 9159 2603 8952 8523 5746 6433 3900 1166 5713 9451 8613 2951 457 
105 3118 8931 3648 6608 8361 8018 5857 4461 3597 6101 6894 8820 91 
177 6221 1067 3039 110 3543 4585 5907 8859 6459 3342 2064 1776 2678 3002 
234 1935 1958 163 7350 124 4118 2575 8881 5602 1968 8998 
380 344 2730 1342 9440 3392 9372 3031 4693 1565 
54 6497 7353 3465 5850 6498 2773 1109 8593 6105 6157 1440 276 2012 
230 1460 2497 1356 1905 3484 920 4987 7953 7072 
36 2107 6990 2790 2559 3501 5179 8084 107 4224 6925 2669 2424 8263 7057 
302 405 4677 9069 3241 6008 6896 8442 2545 3442 297 4417 7967 9169 6492 
306 6766 6468 147 2036 7545 6851 3614 2614 4158 
202 9352 2834 4284 2099 8113 1715 6423 7888 5883 659 799 
0 9763 6160 4634 359 8428 8022 3308 665 6700 4411 4081 2216 
83 8626 3453 3598 2869 2396 4541 4816 7390 1127 6010 847 6041 
3 3867 9238 6224 224 4293 9962 6914 2996 6608 9470 6718 6613 
365 6295 8076 9437 5093 1171 3185 2708 9533 
108 6368 8390 7689 3841 8911 8738 5407 4229 1327 4542 30 3353 7252 
138 1597 4856 8871 6924 5631 5406 1153 2769 1703 5069 5574 
405 8295 5011 5515 1686 9068 2719 2566 510 856 
303 3148 8190 2527 2900 7150 8410 5730 9016 8897 1210 6962 
59 3778 3904 9558 4741 2863 5406 7701 5522 9653 2573 3644 2340 
34 3153 9327 2024 2370 9780 7103 2075 5940 3603 9419 
128 3567 713 6378 3034 6858 8235 8827 8131 4508 4937 8119 9650 
316 6374 9047 2853 8850 2961 5781 8199 8780 270 5612 4588 
398 5567 1594 2070 4071 6944 9662 5628 2960 7761 4588 
343 663 5519 3025 1691 7644 5808 8068 6017 2116 4653 7233 3973 2005 
291 2393 2982 9508 8216 168 5112 5209 5488 1505 6630 5159 3431 
141 5481 138 4627 8612 7643 9477 5387 7135 6452 4103 5715 8748 6877 6417 
63 5894 694 6428 6155 5175 4728 8793 210 9505 9080 5794 8828 7136 9650 2405 8153 
220 4709 6824 5597 3365 8853 9391 6577 3119 2062 5692 5486 
421 5155 1632 6221 6511 6340 4528 167 8551 2482 9619 677 3185 
289 8827 5179 759 4671 3934 6581 5418 8542 7766 8716 790 8373 1656 46 
231 2680 6565 2346 7383 4832 2930 219 997 1640 766 7591 1332 
152 1165 1359 8224 9858 3608 3232 7065 9686 6856 9027 6555 
238 2432 8836 1194 3597 7491 1324 210 7839 2128 7256 371 6944 9995 
434 3749 3451 652 3822 6893 7197 5069 3085 5285 
9 1743 7562 2551 9746 5211 7460 7544 8446 8314 8746 
13 8790 8445 9702 4503 4175 9410 1785 9897 5218 4927 
98 8305 5844 2397 7587 4390 8014 5847 9796 
118 7317 1702 7420 7624 7346 7639 1662 1516 8975 1195 
304 8198 965 5520 5303 4196 2911 3545 1854 9403 8958 6805 4915 
60 8937 4586 4345 1145 4552 4217 6478 8278 727 4124 1346 
321 2063 5279 5931 8588 6540 3153 4421 7426 734 
33 2186 7986 155 537 7279 3991 2760 9351 2395 5812 2418 
134 2426 3214 9972 4650 2081 3535 7074 9015 5842 1309 
112 7787 6266 9316 218 6052 3978 6987 7048 8577 8002 
50 2243 2744 1725 6222 1769 8342 8606 3859 134 9623 2361 
254 2553 4760 7748 7736 72 7771 3995 392 4651 2272 9618 4140 
322 144 8178 8549 4332 3015 5947 7960 5780 480 5166 2146 
114 1552 8480 1809 3451 4539 7686 1154 7833 9428 9003 5330 9729 6502 3 1712 1199 
250 3766 4240 3275 2044 6594 3358 6042 9453 1348 1405 2191 9526 5568 
187 5365 5430 4183 1114 2472 6545 2722 9955 1350 6000 7746 
151 3192 9817 7482 2353 5659 7249 1618 4483 8973 
200 1306 3240 6449 5346 9858 815 8942 7294 4857 8581 9083 3211 3005 8595 
117 2003 8493 5422 5534 458 9189 8355 8866 1305 2476 4724 2274 
279 9525 3539 6978 1689 816 2327 838 1201 1309 6794 8029 1436 3013 
351 5733 141 5387 6933 980 8966 9586 5897 8742 3722 6031 9595 
160 7874 5009 3714 2950 2402 7632 1956 1807 2377 304 5897 9317 14 5288 3624 
267 6116 2735 6248 5201 9416 2421 2707 4215 1866 1697 5743 2240 4247 
96 6640 1298 3051 648 6116 5384 5546 2357 2683 9018 4132 1917 7008 
218 2007 7224 2635 5055 3971 1061 5813 7425 1197 9438 8295 
224 401 9181 1763 160 9850 6070 5581 3768 4810 6607 
153 6653 53 9189 5021 2223 2938 7594 9123 7816 5251 
241 8914 3676 9566 3424 7373 5310 6653 2596 4158 
28 8043 9208 7358 8531 835 2593 1344 7451 8884 7604 6601 
181 2093 8498 1282 8960 9215 4446 7556 5307 2047 3180 1668 9714 2960 1762 
122 2712 7308 539 7925 6012 4786 6578 5435 6384 9823 
39 6614 9120 9839 1756 7382 4655 4559 9644 8750 6258 
192 4304 5126 2408 4981 3293 3406 5195 
158 1034 7507 5731 3379 5491 666 4140 7232 7751 3475 
45 3721 5444 453 4551 5845 6595 578 3194 4573 8037 3023 
262 9262 4763 2297 9171 8554 4174 7484 4849 4008 9451 6302 
65 9153 9161 4750 6299 4831 7556 6516 1239 
67 9037 3111 1790 9218 9912 2434 6154 4450 3803 8976 6890 1142 1532 
336 5712 8435 7872 2424 2827 6640 8289 1100 3118 3045 
156 2669 1835 8484 569 9707 3656 7784 43 5399 9957 2716 7162 4774 4032 
170 3125 2032 6833 3152 8986 8240 1081 237 1940 9626 8028 7961 948 4567 2645 
348 9859 7248 8594 4562 7377 4851 3307 6467 4797 779 4259 
280 8975 8104 1648 8937 1042 7821 6249 4237 3263 7063 3758 5127 2506 
327 7543 4573 7641 5943 8219 3075 9846 7031 2853 
86 9022 9350 7784 736 3599 868 6123 4824 3776 1996 5211 2227 
239 300 5929 8990 8750 1495 448 4579 5474 8040 6723 2102 2252 
251 7569 357 8188 4284 6562 8595 7240 3140 4293 2939 8032 9702 
56 2699 4588 9079 4293 7471 4133 6642 9326 1572 2657 
360 8307 5925 5235 2089 2130 4585 6195 6030 5897 6176 7274 
69 9981 7317 273 8076 9068 9212 7075 8141 8242 
140 400 3806 6242 2751 1157 2835 7066 8159 1175 3065 5155 5245 
273 1693 376 1962 644 6424 9454 4772 5251 8085 9502 2630 8054 7208 
109 7204 2999 3802 1020 7677 8228 7000 7474 7819 9430 958 5338 6038 4749 1479 6636 
148 6706 6516 4704 786 907 3548 6896 3888 1049 
401 8281 7543 5008 7426 4271 7025 6709 4083 
130 9292 3657 8969 5292 4822 3827 9887 7547 8361 4769 9283 7910 6556 5915 
43 7072 6829 66 7138 7042 7649 2339 3457 1123 4735 6950 1201 8971 
253 8997 7495 5663 5112 2494 325 7021 6105 5675 850 3263 9969 
288 5420 2979 6805 5359 7828 3376 3311 2124 2138 9726 
57 9190 8911 4171 1749 1320 7895 9013 8163 582 4133 2771 4675 1627 5143 82 9649 6978 
235 1257 1623 2930 8583 8216 4659 5628 139 3871 5032 2780 7542 5838 
23 2242 6918 4455 38 670 1444 6286 4023 3843 3112 
285 9752 5752 8794 1716 8484 9671 4366 2120 4565 3637 8175 
64 9044 1746 7990 6354 2018 3947 6784 3498 4825 6550 3703 4710 487 
359 6893 2125 8964 8308 7413 8850 416 877 6934 17 1442 364 
294 1854 4326 6579 5085 761 2354 6681 7774 8785 6919 6573 
53 3852 4746 9000 5935 2676 2705 3013 568 1458 532 
396 7843 3256 4347 7058 8699 5220 1083 4431 573 972 
281 3288 8768 4358 2851 9448 1339 9344 2828 4965 9199 5726 2951 9899 
350 9377 5093 5468 1379 8461 632 5686 1574 5809 4448 
387 5429 5469 16 8722 9933 1648 2673 3726 6665 6811 754 6519 3717 2263 
166 1137 2544 4370 9161 1163 6385 854 8125 6143 7258 1357 5359 
32 6952 775 1380 4823 7616 1407 3638 7509 1826 9856 5523 372 1158 
384 1407 3662 9101 4215 7239 5054 1097 4696 8014 7218 9706 8384 
51 4744 8566 8850 3710 2054 2711 1187 779 1590 1049 5350 
44 4835 5235 3392 9014 93 720 6024 2680 1091 9511 505 7800 
124 1348 5023 4510 7551 8799 5220 8376 8758 2417 4331 5636 
424 6925 1308 6055 2530 242 6841 9370 3381 6529 7713 
178 4644 1496 3613 4819 626 932 9102 9959 4026 674 9764 1835 5408 
227 3753 5119 9959 2685 3227 5886 9676 3958 9989 6316 6652 3151 2314 
19 1147 436 7186 7320 5125 2800 4013 4837 8147 598 9247 
282 2767 1831 5440 5219 8264 3016 1992 4242 3947 3586 791 657 4116 
242 7177 3172 6402 8953 8000 9646 3019 868 9291 3608 7881 
408 2031 6317 1558 7288 3895 9067 5738 6654 6087 
386 6346 3945 5661 2615 3269 147 5520 7156 1725 6706 2299 5574 
27 6353 1899 3555 6874 2161 5794 882 7525 652 6918 7792 9529 7929 
208 3632 6332 6854 9256 7823 5566 4256 6640 7762 8967 4248 705 
390 5905 440 4544 5157 958 1304 5523 3076 9052 5065 
305 7339 5533 9529 5960 8944 9352 1705 8776 712 4382 1984 5218 711 
301 6039 4558 7404 3840 8851 7029 687 1208 847 2618 6094 4225 3395 7116 738 3344 5749 
391 4994 8549 2139 5259 7740 707 5690 686 3476 5560 6720 3074 1423 9065 1195 8546 
147 6631 5282 6931 6216 4531 3885 4065 7674 4843 6744 465 9692 5370 5693 1182 7102 1264 
35 5952 9593 8674 5728 7530 4353 4296 2418 9991 2404 5992 
20 7797 861 9956 4640 5244 644 3615 2211 5363 9168 
272 4867 7423 453 1003 6037 8652 6674 6745 4085 7641 
101 9567 5442 3840 374 577 4414 6468 8920 1190 2106 3926 634 1233 8352 9238 2910 
26 9994 4920 3360 4714 3118 7918 3650 6639 3021 2690 6437 5025 6810 
221 698 9593 7481 9679 5073 1086 934 6328 2796 3126 5410 
142 2789 5666 6139 1223 4150 8093 8174 3057 1633 7883 7601 6890 8052 1770 
233 6281 3870 3920 514 6783 917 4147 2495 3789 9248 5958 9255 2343 9823 
193 9720 4613 1602 4457 5450 9664 9585 7281 1262 3648 7980 2863 
307 3668 9568 7424 4434 366 2458 1435 1509 
300 7155 7026 2296 6522 5580 8288 243 8186 864 1723 
161 828 3098 2559 2458 8697 4483 5339 6416 2235 8206 9632 831 5240 102 2160 
342 4645 1968 9397 7697 7157 4010 8851 5242 9085 8898 5582 
261 1 3772 9321 6793 7216 3653 6181 1020 7357 2595 2444 3847 4222 
320 3983 442 2684 711 7965 1456 9808 1164 7827 
183 4294 874 6670 2804 1215 1555 2992 3338 5429 69 645 6938 2587 
276 935 6085 7355 8069 7114 9458 3359 7023 2441 5153 735 
89 6054 2497 9676 9235 1940 5391 2468 8164 966 2777 3133 7744 
415 8555 312 133 9715 3423 10 904 1200 3432 5514 5682 
188 2181 1838 6166 6794 8302 3163 5675 9300 1420 
172 4115 6880 4031 2754 9704 592 9774 5838 9364 5666 8303 
66 3059 2263 8889 940 5906 6398 8882 6548 7931 9239 
383 8767 7877 1475 7136 8244 9544 6315 7353 
308 3723 9184 1639 4393 5757 7362 5786 6335 3524 176 8814 9380 
374 6130 694 1682 860 4595 4013 1091 1672 4781 4545 5735 7693 
176 6992 5927 9885 4523 9643 1902 4524 7954 5961 4015 5166 
378 8257 1451 6546 7938 154 5402 8664 3008 8618 7066 1682 4015 
249 2274 5549 3135 3837 1682 8361 1571 7395 1391 5334 1276 9988 3169 9356 1790 8152 2559 
104 2445 8600 2799 2421 9900 7460 6584 7829 6791 980 5185 2449 1289 7911 
284 8938 9451 7797 8904 8954 649 7042 5287 1348 5185 1386 7914 7660 
400 323 6503 1944 5628 5097 6594 2037 814 6568 9414 9655 4307 9057 
71 5144 8864 3313 7904 2779 1075 2752 1107 8547 3735 4007 
266 5481 7105 3762 1676 8068 3894 9844 4936 1566 9393 5282 5206 4399 
123 304 6879 5508 5867 8749 5154 66 5933 9254 740 
296 5840 9428 2475 212 1054 9932 6249 9378 754 6455 7425 
196 3068 1935 5972 9512 3987 3537 7601 645 3988 7434 2892 9381 6550 7683 
100 7208 4999 7605 6415 6624 5754 9207 3691 2874 2459 
97 5863 4445 6177 8881 6917 2939 8101 7775 5998 1698 7607 8862 
25 8375 2134 1218 7512 6471 9597 2258 6467 8543 6231 
163 3738 5881 7118 6060 8162 4906 3689 7110 8916 4191 
245 2326 580 884 8605 8808 6509 7516 3450 282 6825 7078 
406 2017 297 8225 5342 5822 9279 659 4372 1390 2095 8666 
149 3947 8274 6420 4416 5389 6985 5801 8774 5302 
366 889 8609 1657 1070 7350 7302 5032 7744 5915 3853 2699 6908 139 7991 8765 8492 9224 
313 6878 9867 0 3104 5589 6538 7131 5331 2256 6615 1938 1840 9920 
198 8027 2124 1989 7213 5914 4987 4908 340 8444 3492 
404 7299 1176 458 8627 8562 7371 1243 7208 2269 7412 
362 7260 1151 9266 6103 421 9206 265 2844 2365 6140 6859 
174 8544 9209 1622 9499 5405 2547 4159 329 4334 8708 6906 
143 1908 8898 6259 2364 4380 673 360 2404 9576 7544 
420 5607 1098 568 442 2189 3791 5414 6191 7028 3960 
155 9827 7889 3342 2292 5847 6257 2442 3955 4572 5204 
194 3528 7463 5256 7456 3077 3454 2006 8866 6320 5805 165 4512 8231 4230 
135 7881 331 7629 5461 3459 2406 2382 8182 8289 6928 6397 
417 3518 3416 7117 6548 3193 7916 4929 4302 750 2091 
184 2951 2549 8766 6134 5779 5176 3540 4805 5634 8350 2425 472 2437 
299 2688 1541 3077 1716 8041 293 946 3682 9554 7261 
110 7747 4672 9111 6737 6963 4808 1686 7355 8514 3884 7506 1319 5754 1479 8714 
38 5562 5504 1536 3471 2703 4533 6804 2740 8227 8402 6675 
385 8483 413 790 1697 8976 9949 6161 2206 2848 7680 8106 6231 
207 7255 503 5692 3904 7568 6637 3761 7020 6939 8685 5332 9607 
312 4223 4508 5540 4071 3657 1981 7162 3048 9834 6300 37 1273 1693 1128 
175 8099 6507 6362 2803 2879 27 2113 3748 5909 8658 3481 4542 5926 3134 
395 1175 9874 1230 5011 9369 6244 4865 4387 4801 8357 7112 
216 5129 5675 8936 5409 6230 6953 2291 6478 3879 311 1298 1663 
167 221 3851 2611 9317 740 2818 2401 8594 9546 7925 2215 
165 8890 1736 150 6503 3581 233 1357 3820 9333 6269 4941 9674 1522 178 2781 2426 
324 3537 8581 301 4761 7734 3422 4242 2948 111 2769 
211 7660 3712 7307 8202 9366 7114 6338 1927 
159 8722 1573 9784 6464 6030 9737 2967 4153 9546 1898 4970 
164 3481 5611 605 3356 2848 5743 3505 1293 3439 2684 8540 
372 8739 2745 70 10 6175 2176 7304 4257 5379 7114 3132 2657 
271 6059 5632 8425 1581 5428 5960 6586 3037 5401 4421 6606 6337 
121 9712 4995 2017 4243 9172 4414 667 1551 2871 179 6187 3316 9032 7563 5086 1174 2553 
229 8994 1909 7040 8817 8052 1276 6903 3373 7938 6414 7940 7837 
46 3885 3678 9367 6135 7910 5251 7749 60 3775 8635 1977 3365 7969 847 
68 450 4424 5586 7381 671 7841 5007 2610 5595 1164 
373 1851 8596 5306 5689 331 3578 9238 1193 315 
377 8501 650 8734 1586 7118 8276 5568 1899 4456 
137 8285 3526 7870 7559 8807 4739 8213 7816 7196 
212 6723 5730 8803 8983 4624 3202 4633 3132 5080 4237 9049 
358 196 6964 3961 5036 96 3824 1044 5466 3542 3005 
349 757 4086 8081 4674 6095 7741 6413 4522 2867 88 9930 6144 6203 1708 8762 6861 2349 6151 
427 4995 6722 8033 5431 4437 1558 8340 7611 5364 6358 7714 
168 9746 7459 2892 467 5704 7686 956 8993 1568 2470 2285 8747 9295 3119 4258 538 
363 1540 5779 8258 3525 8227 3644 3478 9833 9295 2743 
257 9037 3189 915 6454 9831 4550 4080 5389 9125 8841 3816 
92 9624 1544 1179 6541 9815 7584 452 5529 8977 7933 9479 8092 
419 5825 4088 3158 4825 328 2887 8697 4985 4274 7795 448 5338 
403 7620 7690 5345 9450 4356 9959 7965 7843 4363 6928 
82 9784 3535 7362 4223 9444 340 2393 5752 7504 1345 7453 3682 854 
418 5986 5503 4014 1238 1242 8742 936 4829 3463 3251 6102 7235 8743 7655 
370 8863 5419 29 510 8007 2780 1650 1548 9474 7598 5005 
414 4218 1939 624 2462 8267 5947 7376 7087 8867 8071 3272 4698 4094 4159 
237 844 9375 4066 4735 8559 8294 5388 3828 9192 2882 
293 9691 3026 354 970 9732 8682 2428 5826 6611 2896 4939 792 
58 7468 349 1755 5422 4327 5351 3312 8954 4869 3580 
55 2150 4684 6311 5592 915 2672 2217 1416 6918 3523 
52 8240 613 1274 2234 6950 6419 421 8471 7972 8297 
335 7351 7409 8732 4270 6105 6507 6778 7747 7526 6871 9147 9924 7606 
48 6764 1152 3716 6147 2558 3972 3348 4739 2512 833 
91 4783 1309 2275 9575 8193 5836 949 6837 1136 5073 2037 4258 
17 7993 3561 9263 5041 1666 1079 1927 6381 7332 7849 3996 4084 
382 5697 9215 6925 1327 6905 3829 5100 7899 1212 4298 6672 5810 3381 
286 9725 2386 3973 5587 1302 8989 2372 2190 7570 3729 
323 9420 9415 2672 6439 1639 8597 2234 9711 6706 
430 2005 4779 3130 3525 1183 982 8255 2079 7263 7257 
85 2127 5152 8303 5345 9757 8600 482 4925 4333 2810 4350 2672 6207 1213 
339 3826 7125 6626 7859 6717 9255 91 7461 5290 6588 
433 4039 1512 6364 3694 2475 785 8631 3913 5407 5208 7467 8642 9239 
223 8392 7263 6241 9388 1391 7411 1197 5476 8305 789 7394 
228 8358 5630 7398 498 8718 8522 7546 511 913 8940 
367 2251 7912 9862 1219 4059 7680 5683 864 2045 
255 3325 1063 4591 3086 5287 2431 7009 1850 8140 9371 2175 9481 533 
205 5075 7567 2007 4761 2732 7774 3100 5108 7362 1163 
425 2684 4252 84 9247 6196 4280 9028 7329 870 3154 3512 7564 4481 7382 
190 8098 951 6374 6993 8269 9582 7684 9398 4822 5231 7409 3086 779 9628 8177 9187 8235 9374 
332 6158 7843 1399 491 9178 1414 9990 6559 6425 7867 3080 
129 6278 6013 6698 6938 4604 1742 7254 3391 1180 7392 2087 4787 3575 1262 5260 9520 
47 5615 3150 9132 7593 1943 2284 3078 5912 8738 7837 
435 8400 7685 8011 9648 191 5099 847 4558 2749 7917 
428 5686 6015 9366 7901 7980 639 5015 8382 7340 
356 8389 5863 4151 917 9597 5666 907 3784 8743 8898 3373 6530 
73 5787 9220 7787 3751 1180 4653 9104 8002 8721 2263 7733 
93 1622 1161 8880 2515 6717 6341 2466 1170 8680 9413 9703 5533 
295 6022 2886 3693 827 8476 2214 5347 2293 1882 5437 
120 6057 7663 4986 3755 2796 782 5283 9781 643 6572 9804 9296 
2 1602 7682 421 7847 1227 6336 2772 6414 2123 693 4683 
399 5365 6526 117 2628 1229 9762 3210 7265 5442 4270 
426 1492 4286 7713 7791 5956 5081 3415 6611 7078 675 3896 8741 4569 4982 9871 8989 
210 2814 78 2442 2004 9108 9140 7909 2843 
283 8714 4094 1777 5086 4712 4685 1176 8396 6490 6854 2842 7060 
340 2465 670 2272 5534 3794 1075 78 6165 7447 1763 731 9184 6391 
315 7271 5606 1171 1657 1495 3628 7135 9425 5575 2468 4949 
204 3438 6227 608 1189 7318 3114 6036 5272 8463 7088 
346 741 6063 5158 8264 9926 5621 5832 3174 6289 5390 
328 6017 3171 7879 8629 9064 7234 1841 9242 
