38
2 0 1 2 3 5 6 4 8 10 11 9 7 13 23 12 17 16 15 36 14 21 24 47 54 27 29 33 32 39 20 18 69 34 
15 0 1 2 3 4 6 5 8 11 7 10 12 9 15 14 17 13 18 20 19 21 25 34 33 22 43 38 87 84 16 29 59 
53 0 1 2 4 6 3 5 8 12 9 10 11 7 15 13 26 14 21 23 24 16 25 20 17 54 70 22 55 30 18 19 72 84 41 114 103 48 
20 0 1 2 4 3 6 5 7 8 11 9 10 12 17 14 20 15 13 27 19 26 16 18 30 35 36 22 50 33 37 23 44 21 42 25 
45 0 1 2 3 5 4 6 7 8 12 9 10 17 11 13 15 23 18 14 29 16 22 19 41 26 21 25 38 27 20 35 57 24 108 42 30 
32 0 1 2 3 4 6 5 7 10 9 8 11 12 13 18 14 16 20 22 23 15 21 17 24 34 35 31 19 25 32 33 29 38 
12 0 1 2 3 5 6 4 7 10 9 8 12 20 19 14 13 16 39 11 18 26 17 23 32 22 28 82 40 47 36 31 61 29 121 
31 0 1 2 3 5 4 8 6 7 10 15 12 9 14 13 18 16 11 19 20 17 39 29 24 27 55 32 36 22 96 37 21 58 23 61 53 
22 0 1 2 4 3 5 6 7 9 8 12 10 16 11 15 18 13 23 29 26 14 28 46 33 17 21 89 40 57 20 63 47 24 
23 0 1 2 3 5 4 7 6 8 11 12 17 9 18 15 19 20 53 21 37 10 49 14 35 13 33 55 58 50 34 23 24 46 44 
24 0 1 2 3 4 5 7 10 6 9 8 12 11 13 14 19 31 16 18 23 28 20 17 21 15 22 42 26 32 34 82 27 30 51 39 
5 0 1 2 3 4 5 6 7 9 15 8 11 12 25 34 23 28 16 30 10 97 14 18 37 32 20 47 13 54 24 86 452 51 
0 0 1 2 3 4 5 6 7 8 9 11 12 14 10 13 15 23 18 20 17 24 33 27 21 34 32 22 19 31 28 16 26 44 35 38 
39 0 1 2 3 5 4 6 9 8 7 10 14 17 18 26 12 34 13 16 33 22 46 11 23 42 32 50 38 21 20 74 29 
26 0 1 2 3 4 5 7 6 11 12 9 8 15 10 17 23 13 21 19 16 24 18 20 39 47 25 87 38 27 32 30 33 
55 0 1 2 3 4 5 8 6 7 11 10 9 14 15 13 12 17 30 16 18 27 19 21 26 20 24 37 25 49 115 34 55 28 80 58 23 88 126 117 
10 0 1 2 3 4 5 6 13 7 11 15 17 8 12 9 10 18 14 25 22 23 27 16 19 20 28 31 32 34 26 37 81 36 42 
33 0 1 2 3 4 8 5 7 9 14 13 6 10 16 11 12 24 18 15 21 20 29 25 39 26 19 17 22 73 35 31 23 43 
42 0 1 2 3 4 5 8 6 19 7 11 9 20 10 13 15 17 30 18 14 12 27 16 26 29 44 35 37 32 38 23 40 118 34 21 63 64 
47 0 1 2 3 5 4 7 8 6 9 22 15 10 14 11 23 37 21 13 12 16 17 35 28 19 20 31 18 27 36 24 57 85 45 32 26 48 
21 0 1 2 3 4 5 6 9 10 8 7 12 15 14 16 18 19 13 11 17 21 22 23 20 28 27 54 50 26 33 83 77 64 29 44 
46 0 1 2 4 3 5 9 8 22 12 6 7 25 20 23 24 110 13 18 19 27 130 11 51 142 28 54 17 53 55 83 14 493 47 
1 0 1 2 3 4 5 6 7 9 26 12 10 14 22 15 13 19 8 17 41 11 65 88 85 75 37 25 40 50 76 24 52 21 54 
37 0 1 2 3 4 5 6 10 19 8 16 24 7 12 18 14 54 25 34 15 41 32 27 21 11 30 17 13 28 155 33 26 29 64 
18 0 1 2 3 4 9 5 7 6 10 17 8 15 19 31 18 33 14 42 11 35 29 40 21 26 24 59 20 108 109 384 
48 0 1 2 6 3 5 4 7 13 8 19 9 10 16 20 34 15 11 30 21 17 33 39 14 48 79 25 74 71 12 68 103 
57 0 1 2 3 4 5 7 6 11 8 9 14 13 19 16 12 10 25 28 26 21 41 20 18 43 17 53 38 27 83 31 34 24 
34 0 1 2 3 5 6 8 10 4 9 7 17 18 19 45 24 15 20 58 25 30 38 35 14 178 12 32 53 1007 89 34 33 
7 0 2 1 3 4 6 8 11 7 9 5 21 15 10 12 14 13 19 17 20 24 30 38 25 130 50 46 48 56 51 118 35 156 74 
27 0 1 2 3 6 4 5 8 10 7 11 9 17 15 34 16 18 24 21 12 23 20 25 14 84 59 27 29 22 19 43 107 164 47 
49 0 1 2 3 5 4 7 8 6 12 11 14 9 17 13 28 10 23 20 19 29 16 25 37 15 52 27 97 55 61 22 137 42 49 39 60 21 
9 0 1 2 3 4 6 5 8 9 7 10 11 20 15 13 14 12 19 16 23 28 25 21 24 17 26 32 22 18 33 31 29 45 52 
11 0 1 2 4 5 3 7 6 8 13 34 10 9 17 11 14 15 90 46 45 20 236 18 55 29 12 21 37 64 35 25 72 653 79 112 24 
56 0 1 2 4 6 3 5 7 9 12 13 8 24 19 14 16 11 18 45 40 10 35 17 22 32 27 21 23 50 37 91 33 44 122 
17 0 1 2 4 3 6 5 8 7 10 17 9 11 14 12 18 20 36 34 15 16 25 46 21 29 60 28 13 22 24 62 41 64 19 
41 0 1 2 4 3 7 6 5 9 14 8 10 12 11 16 52 17 39 25 13 24 18 40 20 33 15 63 35 64 37 26 31 
51 0 1 2 3 4 5 6 7 11 10 12 8 9 13 14 45 18 21 17 24 35 15 22 28 20 64 16 26 27 117 33 30 41 34 143 
14 0 1 4 3 2 7 10 5 11 17 6 8 12 34 15 21 25 14 22 40 35 9 32 19 27 65 46 28 168 26 39 16 749 38 
